digraph Tree {
node [shape=box, style="rounded", color="black", fontname=helvetica] ;
edge [fontname=helvetica] ;
0 [label="G2 <= 7.5\ngini = 0.968\nsamples = 276\nvalue = [1, 2, 2, 1, 1, 1, 2, 4, 2, 5, 3, 2, 5, 4\n5, 2, 6, 11, 4, 3, 20, 15, 7, 12, 6, 7, 12\n11, 11, 6, 12, 12, 7, 7, 11, 2, 7, 6, 6, 10\n3, 3, 3, 4, 2, 2, 2, 1, 2, 1]"] ;
1 [label="G3 <= 5.5\ngini = 0.931\nsamples = 128\nvalue = [1, 2, 2, 1, 1, 1, 2, 4, 2, 5, 3, 2, 5, 4\n5, 2, 6, 11, 4, 3, 20, 15, 7, 10, 5, 0, 3, 2\n0, 0, 0, 0, 0, 0, 0, 0, 0, 0, 0, 0, 0, 0\n0, 0, 0, 0, 0, 0, 0, 0]"] ;
0 -> 1 [labeldistance=2.5, labelangle=45, headlabel="True"] ;
2 [label="G3 <= 3.5\ngini = 0.933\nsamples = 63\nvalue = [1, 2, 2, 1, 1, 1, 2, 4, 2, 5, 3, 2, 5, 4\n5, 2, 5, 9, 3, 2, 2, 0, 0, 0, 0, 0, 0, 0\n0, 0, 0, 0, 0, 0, 0, 0, 0, 0, 0, 0, 0, 0\n0, 0, 0, 0, 0, 0, 0, 0]"] ;
1 -> 2 ;
3 [label="G3 <= 2.5\ngini = 0.917\nsamples = 36\nvalue = [1, 2, 2, 1, 1, 1, 2, 4, 2, 5, 3, 2, 5, 2\n2, 1, 0, 0, 0, 0, 0, 0, 0, 0, 0, 0, 0, 0\n0, 0, 0, 0, 0, 0, 0, 0, 0, 0, 0, 0, 0, 0\n0, 0, 0, 0, 0, 0, 0, 0]"] ;
2 -> 3 ;
4 [label="absences <= 13.0\ngini = 0.893\nsamples = 25\nvalue = [1, 2, 2, 1, 1, 1, 2, 4, 2, 5, 0, 1, 2, 1\n0, 0, 0, 0, 0, 0, 0, 0, 0, 0, 0, 0, 0, 0\n0, 0, 0, 0, 0, 0, 0, 0, 0, 0, 0, 0, 0, 0\n0, 0, 0, 0, 0, 0, 0, 0]"] ;
3 -> 4 ;
5 [label="G2 <= 1.5\ngini = 0.905\nsamples = 22\nvalue = [1, 2, 2, 1, 1, 1, 2, 4, 2, 2, 0, 1, 2, 1\n0, 0, 0, 0, 0, 0, 0, 0, 0, 0, 0, 0, 0, 0\n0, 0, 0, 0, 0, 0, 0, 0, 0, 0, 0, 0, 0, 0\n0, 0, 0, 0, 0, 0, 0, 0]"] ;
4 -> 5 ;
6 [label="gini = 0.84\nsamples = 9\nvalue = [1, 2, 2, 1, 1, 1, 1, 0, 0, 0, 0, 0, 0, 0\n0, 0, 0, 0, 0, 0, 0, 0, 0, 0, 0, 0, 0, 0\n0, 0, 0, 0, 0, 0, 0, 0, 0, 0, 0, 0, 0, 0\n0, 0, 0, 0, 0, 0, 0, 0]"] ;
5 -> 6 ;
7 [label="gini = 0.817\nsamples = 13\nvalue = [0, 0, 0, 0, 0, 0, 1, 4, 2, 2, 0, 1, 2, 1\n0, 0, 0, 0, 0, 0, 0, 0, 0, 0, 0, 0, 0, 0\n0, 0, 0, 0, 0, 0, 0, 0, 0, 0, 0, 0, 0, 0\n0, 0, 0, 0, 0, 0, 0, 0]"] ;
5 -> 7 ;
8 [label="gini = 0.0\nsamples = 3\nvalue = [0, 0, 0, 0, 0, 0, 0, 0, 0, 3, 0, 0, 0, 0\n0, 0, 0, 0, 0, 0, 0, 0, 0, 0, 0, 0, 0, 0\n0, 0, 0, 0, 0, 0, 0, 0, 0, 0, 0, 0, 0, 0\n0, 0, 0, 0, 0, 0, 0, 0]"] ;
4 -> 8 ;
9 [label="gini = 0.793\nsamples = 11\nvalue = [0, 0, 0, 0, 0, 0, 0, 0, 0, 0, 3, 1, 3, 1\n2, 1, 0, 0, 0, 0, 0, 0, 0, 0, 0, 0, 0, 0\n0, 0, 0, 0, 0, 0, 0, 0, 0, 0, 0, 0, 0, 0\n0, 0, 0, 0, 0, 0, 0, 0]"] ;
3 -> 9 ;
10 [label="G2 <= 3.5\ngini = 0.812\nsamples = 27\nvalue = [0, 0, 0, 0, 0, 0, 0, 0, 0, 0, 0, 0, 0, 2\n3, 1, 5, 9, 3, 2, 2, 0, 0, 0, 0, 0, 0, 0\n0, 0, 0, 0, 0, 0, 0, 0, 0, 0, 0, 0, 0, 0\n0, 0, 0, 0, 0, 0, 0, 0]"] ;
2 -> 10 ;
11 [label="gini = 0.0\nsamples = 2\nvalue = [0, 0, 0, 0, 0, 0, 0, 0, 0, 0, 0, 0, 0, 2\n0, 0, 0, 0, 0, 0, 0, 0, 0, 0, 0, 0, 0, 0\n0, 0, 0, 0, 0, 0, 0, 0, 0, 0, 0, 0, 0, 0\n0, 0, 0, 0, 0, 0, 0, 0]"] ;
10 -> 11 ;
12 [label="Medu <= 2.5\ngini = 0.787\nsamples = 25\nvalue = [0, 0, 0, 0, 0, 0, 0, 0, 0, 0, 0, 0, 0, 0\n3, 1, 5, 9, 3, 2, 2, 0, 0, 0, 0, 0, 0, 0\n0, 0, 0, 0, 0, 0, 0, 0, 0, 0, 0, 0, 0, 0\n0, 0, 0, 0, 0, 0, 0, 0]"] ;
10 -> 12 ;
13 [label="gini = 0.711\nsamples = 11\nvalue = [0, 0, 0, 0, 0, 0, 0, 0, 0, 0, 0, 0, 0, 0\n1, 0, 5, 2, 1, 0, 2, 0, 0, 0, 0, 0, 0, 0\n0, 0, 0, 0, 0, 0, 0, 0, 0, 0, 0, 0, 0, 0\n0, 0, 0, 0, 0, 0, 0, 0]"] ;
12 -> 13 ;
14 [label="gini = 0.684\nsamples = 14\nvalue = [0, 0, 0, 0, 0, 0, 0, 0, 0, 0, 0, 0, 0, 0\n2, 1, 0, 7, 2, 2, 0, 0, 0, 0, 0, 0, 0, 0\n0, 0, 0, 0, 0, 0, 0, 0, 0, 0, 0, 0, 0, 0\n0, 0, 0, 0, 0, 0, 0, 0]"] ;
12 -> 14 ;
15 [label="G1 <= 6.5\ngini = 0.824\nsamples = 65\nvalue = [0, 0, 0, 0, 0, 0, 0, 0, 0, 0, 0, 0, 0, 0\n0, 0, 1, 2, 1, 1, 18, 15, 7, 10, 5, 0, 3, 2\n0, 0, 0, 0, 0, 0, 0, 0, 0, 0, 0, 0, 0, 0\n0, 0, 0, 0, 0, 0, 0, 0]"] ;
1 -> 15 ;
16 [label="G2 <= 5.5\ngini = 0.681\nsamples = 37\nvalue = [0, 0, 0, 0, 0, 0, 0, 0, 0, 0, 0, 0, 0, 0\n0, 0, 1, 2, 1, 1, 16, 13, 2, 1, 0, 0, 0, 0\n0, 0, 0, 0, 0, 0, 0, 0, 0, 0, 0, 0, 0, 0\n0, 0, 0, 0, 0, 0, 0, 0]"] ;
15 -> 16 ;
17 [label="gini = 0.722\nsamples = 6\nvalue = [0, 0, 0, 0, 0, 0, 0, 0, 0, 0, 0, 0, 0, 0\n0, 0, 1, 2, 1, 0, 2, 0, 0, 0, 0, 0, 0, 0\n0, 0, 0, 0, 0, 0, 0, 0, 0, 0, 0, 0, 0, 0\n0, 0, 0, 0, 0, 0, 0, 0]"] ;
16 -> 17 ;
18 [label="failures <= 0.5\ngini = 0.614\nsamples = 31\nvalue = [0, 0, 0, 0, 0, 0, 0, 0, 0, 0, 0, 0, 0, 0\n0, 0, 0, 0, 0, 1, 14, 13, 2, 1, 0, 0, 0, 0\n0, 0, 0, 0, 0, 0, 0, 0, 0, 0, 0, 0, 0, 0\n0, 0, 0, 0, 0, 0, 0, 0]"] ;
16 -> 18 ;
19 [label="G3 <= 8.5\ngini = 0.63\nsamples = 25\nvalue = [0, 0, 0, 0, 0, 0, 0, 0, 0, 0, 0, 0, 0, 0\n0, 0, 0, 0, 0, 1, 9, 12, 2, 1, 0, 0, 0, 0\n0, 0, 0, 0, 0, 0, 0, 0, 0, 0, 0, 0, 0, 0\n0, 0, 0, 0, 0, 0, 0, 0]"] ;
18 -> 19 ;
20 [label="G1 <= 3.5\ngini = 0.601\nsamples = 24\nvalue = [0, 0, 0, 0, 0, 0, 0, 0, 0, 0, 0, 0, 0, 0\n0, 0, 0, 0, 0, 1, 9, 12, 2, 0, 0, 0, 0, 0\n0, 0, 0, 0, 0, 0, 0, 0, 0, 0, 0, 0, 0, 0\n0, 0, 0, 0, 0, 0, 0, 0]"] ;
19 -> 20 ;
21 [label="gini = 0.0\nsamples = 1\nvalue = [0, 0, 0, 0, 0, 0, 0, 0, 0, 0, 0, 0, 0, 0\n0, 0, 0, 0, 0, 1, 0, 0, 0, 0, 0, 0, 0, 0\n0, 0, 0, 0, 0, 0, 0, 0, 0, 0, 0, 0, 0, 0\n0, 0, 0, 0, 0, 0, 0, 0]"] ;
20 -> 21 ;
22 [label="G1 <= 5.5\ngini = 0.567\nsamples = 23\nvalue = [0, 0, 0, 0, 0, 0, 0, 0, 0, 0, 0, 0, 0, 0\n0, 0, 0, 0, 0, 0, 9, 12, 2, 0, 0, 0, 0, 0\n0, 0, 0, 0, 0, 0, 0, 0, 0, 0, 0, 0, 0, 0\n0, 0, 0, 0, 0, 0, 0, 0]"] ;
20 -> 22 ;
23 [label="gini = 0.556\nsamples = 13\nvalue = [0, 0, 0, 0, 0, 0, 0, 0, 0, 0, 0, 0, 0, 0\n0, 0, 0, 0, 0, 0, 7, 5, 1, 0, 0, 0, 0, 0\n0, 0, 0, 0, 0, 0, 0, 0, 0, 0, 0, 0, 0, 0\n0, 0, 0, 0, 0, 0, 0, 0]"] ;
22 -> 23 ;
24 [label="gini = 0.46\nsamples = 10\nvalue = [0, 0, 0, 0, 0, 0, 0, 0, 0, 0, 0, 0, 0, 0\n0, 0, 0, 0, 0, 0, 2, 7, 1, 0, 0, 0, 0, 0\n0, 0, 0, 0, 0, 0, 0, 0, 0, 0, 0, 0, 0, 0\n0, 0, 0, 0, 0, 0, 0, 0]"] ;
22 -> 24 ;
25 [label="gini = 0.0\nsamples = 1\nvalue = [0, 0, 0, 0, 0, 0, 0, 0, 0, 0, 0, 0, 0, 0\n0, 0, 0, 0, 0, 0, 0, 0, 0, 1, 0, 0, 0, 0\n0, 0, 0, 0, 0, 0, 0, 0, 0, 0, 0, 0, 0, 0\n0, 0, 0, 0, 0, 0, 0, 0]"] ;
19 -> 25 ;
26 [label="gini = 0.278\nsamples = 6\nvalue = [0, 0, 0, 0, 0, 0, 0, 0, 0, 0, 0, 0, 0, 0\n0, 0, 0, 0, 0, 0, 5, 1, 0, 0, 0, 0, 0, 0\n0, 0, 0, 0, 0, 0, 0, 0, 0, 0, 0, 0, 0, 0\n0, 0, 0, 0, 0, 0, 0, 0]"] ;
18 -> 26 ;
27 [label="G1 <= 8.5\ngini = 0.806\nsamples = 28\nvalue = [0, 0, 0, 0, 0, 0, 0, 0, 0, 0, 0, 0, 0, 0\n0, 0, 0, 0, 0, 0, 2, 2, 5, 9, 5, 0, 3, 2\n0, 0, 0, 0, 0, 0, 0, 0, 0, 0, 0, 0, 0, 0\n0, 0, 0, 0, 0, 0, 0, 0]"] ;
15 -> 27 ;
28 [label="G3 <= 6.5\ngini = 0.737\nsamples = 23\nvalue = [0, 0, 0, 0, 0, 0, 0, 0, 0, 0, 0, 0, 0, 0\n0, 0, 0, 0, 0, 0, 2, 2, 5, 9, 5, 0, 0, 0\n0, 0, 0, 0, 0, 0, 0, 0, 0, 0, 0, 0, 0, 0\n0, 0, 0, 0, 0, 0, 0, 0]"] ;
27 -> 28 ;
29 [label="gini = 0.653\nsamples = 7\nvalue = [0, 0, 0, 0, 0, 0, 0, 0, 0, 0, 0, 0, 0, 0\n0, 0, 0, 0, 0, 0, 2, 2, 3, 0, 0, 0, 0, 0\n0, 0, 0, 0, 0, 0, 0, 0, 0, 0, 0, 0, 0, 0\n0, 0, 0, 0, 0, 0, 0, 0]"] ;
28 -> 29 ;
30 [label="gini = 0.57\nsamples = 16\nvalue = [0, 0, 0, 0, 0, 0, 0, 0, 0, 0, 0, 0, 0, 0\n0, 0, 0, 0, 0, 0, 0, 0, 2, 9, 5, 0, 0, 0\n0, 0, 0, 0, 0, 0, 0, 0, 0, 0, 0, 0, 0, 0\n0, 0, 0, 0, 0, 0, 0, 0]"] ;
28 -> 30 ;
31 [label="gini = 0.48\nsamples = 5\nvalue = [0, 0, 0, 0, 0, 0, 0, 0, 0, 0, 0, 0, 0, 0\n0, 0, 0, 0, 0, 0, 0, 0, 0, 0, 0, 0, 3, 2\n0, 0, 0, 0, 0, 0, 0, 0, 0, 0, 0, 0, 0, 0\n0, 0, 0, 0, 0, 0, 0, 0]"] ;
27 -> 31 ;
32 [label="G3 <= 9.5\ngini = 0.947\nsamples = 148\nvalue = [0, 0, 0, 0, 0, 0, 0, 0, 0, 0, 0, 0, 0, 0\n0, 0, 0, 0, 0, 0, 0, 0, 0, 2, 1, 7, 9, 9\n11, 6, 12, 12, 7, 7, 11, 2, 7, 6, 6, 10, 3\n3, 3, 4, 2, 2, 2, 1, 2, 1]"] ;
0 -> 32 [labeldistance=2.5, labelangle=-45, headlabel="False"] ;
33 [label="G1 <= 8.5\ngini = 0.858\nsamples = 56\nvalue = [0, 0, 0, 0, 0, 0, 0, 0, 0, 0, 0, 0, 0, 0\n0, 0, 0, 0, 0, 0, 0, 0, 0, 2, 1, 7, 9, 9\n11, 3, 8, 6, 0, 0, 0, 0, 0, 0, 0, 0, 0, 0\n0, 0, 0, 0, 0, 0, 0, 0]"] ;
32 -> 33 ;
34 [label="G2 <= 8.5\ngini = 0.726\nsamples = 25\nvalue = [0, 0, 0, 0, 0, 0, 0, 0, 0, 0, 0, 0, 0, 0\n0, 0, 0, 0, 0, 0, 0, 0, 0, 2, 1, 7, 9, 6\n0, 0, 0, 0, 0, 0, 0, 0, 0, 0, 0, 0, 0, 0\n0, 0, 0, 0, 0, 0, 0, 0]"] ;
33 -> 34 ;
35 [label="gini = 0.649\nsamples = 15\nvalue = [0, 0, 0, 0, 0, 0, 0, 0, 0, 0, 0, 0, 0, 0\n0, 0, 0, 0, 0, 0, 0, 0, 0, 2, 1, 5, 7, 0\n0, 0, 0, 0, 0, 0, 0, 0, 0, 0, 0, 0, 0, 0\n0, 0, 0, 0, 0, 0, 0, 0]"] ;
34 -> 35 ;
36 [label="gini = 0.56\nsamples = 10\nvalue = [0, 0, 0, 0, 0, 0, 0, 0, 0, 0, 0, 0, 0, 0\n0, 0, 0, 0, 0, 0, 0, 0, 0, 0, 0, 2, 2, 6\n0, 0, 0, 0, 0, 0, 0, 0, 0, 0, 0, 0, 0, 0\n0, 0, 0, 0, 0, 0, 0, 0]"] ;
34 -> 36 ;
37 [label="G2 <= 8.5\ngini = 0.751\nsamples = 31\nvalue = [0, 0, 0, 0, 0, 0, 0, 0, 0, 0, 0, 0, 0, 0\n0, 0, 0, 0, 0, 0, 0, 0, 0, 0, 0, 0, 0, 3\n11, 3, 8, 6, 0, 0, 0, 0, 0, 0, 0, 0, 0, 0\n0, 0, 0, 0, 0, 0, 0, 0]"] ;
33 -> 37 ;
38 [label="gini = 0.397\nsamples = 11\nvalue = [0, 0, 0, 0, 0, 0, 0, 0, 0, 0, 0, 0, 0, 0\n0, 0, 0, 0, 0, 0, 0, 0, 0, 0, 0, 0, 0, 3\n8, 0, 0, 0, 0, 0, 0, 0, 0, 0, 0, 0, 0, 0\n0, 0, 0, 0, 0, 0, 0, 0]"] ;
37 -> 38 ;
39 [label="G1 <= 9.5\ngini = 0.705\nsamples = 20\nvalue = [0, 0, 0, 0, 0, 0, 0, 0, 0, 0, 0, 0, 0, 0\n0, 0, 0, 0, 0, 0, 0, 0, 0, 0, 0, 0, 0, 0\n3, 3, 8, 6, 0, 0, 0, 0, 0, 0, 0, 0, 0, 0\n0, 0, 0, 0, 0, 0, 0, 0]"] ;
37 -> 39 ;
40 [label="gini = 0.612\nsamples = 7\nvalue = [0, 0, 0, 0, 0, 0, 0, 0, 0, 0, 0, 0, 0, 0\n0, 0, 0, 0, 0, 0, 0, 0, 0, 0, 0, 0, 0, 0\n3, 3, 1, 0, 0, 0, 0, 0, 0, 0, 0, 0, 0, 0\n0, 0, 0, 0, 0, 0, 0, 0]"] ;
39 -> 40 ;
41 [label="gini = 0.497\nsamples = 13\nvalue = [0, 0, 0, 0, 0, 0, 0, 0, 0, 0, 0, 0, 0, 0\n0, 0, 0, 0, 0, 0, 0, 0, 0, 0, 0, 0, 0, 0\n0, 0, 7, 6, 0, 0, 0, 0, 0, 0, 0, 0, 0, 0\n0, 0, 0, 0, 0, 0, 0, 0]"] ;
39 -> 41 ;
42 [label="G2 <= 11.5\ngini = 0.933\nsamples = 92\nvalue = [0, 0, 0, 0, 0, 0, 0, 0, 0, 0, 0, 0, 0, 0\n0, 0, 0, 0, 0, 0, 0, 0, 0, 0, 0, 0, 0, 0\n0, 3, 4, 6, 7, 7, 11, 2, 7, 6, 6, 10, 3, 3\n3, 4, 2, 2, 2, 1, 2, 1]"] ;
32 -> 42 ;
43 [label="G1 <= 11.5\ngini = 0.867\nsamples = 47\nvalue = [0, 0, 0, 0, 0, 0, 0, 0, 0, 0, 0, 0, 0, 0\n0, 0, 0, 0, 0, 0, 0, 0, 0, 0, 0, 0, 0, 0\n0, 3, 4, 6, 7, 7, 10, 2, 5, 2, 1, 0, 0, 0\n0, 0, 0, 0, 0, 0, 0, 0]"] ;
42 -> 43 ;
44 [label="G1 <= 9.5\ngini = 0.829\nsamples = 35\nvalue = [0, 0, 0, 0, 0, 0, 0, 0, 0, 0, 0, 0, 0, 0\n0, 0, 0, 0, 0, 0, 0, 0, 0, 0, 0, 0, 0, 0\n0, 3, 4, 6, 7, 7, 7, 1, 0, 0, 0, 0, 0, 0\n0, 0, 0, 0, 0, 0, 0, 0]"] ;
43 -> 44 ;
45 [label="gini = 0.796\nsamples = 17\nvalue = [0, 0, 0, 0, 0, 0, 0, 0, 0, 0, 0, 0, 0, 0\n0, 0, 0, 0, 0, 0, 0, 0, 0, 0, 0, 0, 0, 0\n0, 3, 4, 5, 2, 1, 2, 0, 0, 0, 0, 0, 0, 0\n0, 0, 0, 0, 0, 0, 0, 0]"] ;
44 -> 45 ;
46 [label="gini = 0.728\nsamples = 18\nvalue = [0, 0, 0, 0, 0, 0, 0, 0, 0, 0, 0, 0, 0, 0\n0, 0, 0, 0, 0, 0, 0, 0, 0, 0, 0, 0, 0, 0\n0, 0, 0, 1, 5, 6, 5, 1, 0, 0, 0, 0, 0, 0\n0, 0, 0, 0, 0, 0, 0, 0]"] ;
44 -> 46 ;
47 [label="gini = 0.722\nsamples = 12\nvalue = [0, 0, 0, 0, 0, 0, 0, 0, 0, 0, 0, 0, 0, 0\n0, 0, 0, 0, 0, 0, 0, 0, 0, 0, 0, 0, 0, 0\n0, 0, 0, 0, 0, 0, 3, 1, 5, 2, 1, 0, 0, 0\n0, 0, 0, 0, 0, 0, 0, 0]"] ;
43 -> 47 ;
48 [label="G3 <= 13.5\ngini = 0.898\nsamples = 45\nvalue = [0, 0, 0, 0, 0, 0, 0, 0, 0, 0, 0, 0, 0, 0\n0, 0, 0, 0, 0, 0, 0, 0, 0, 0, 0, 0, 0, 0\n0, 0, 0, 0, 0, 0, 1, 0, 2, 4, 5, 10, 3, 3\n3, 4, 2, 2, 2, 1, 2, 1]"] ;
42 -> 48 ;
49 [label="G1 <= 10.5\ngini = 0.809\nsamples = 29\nvalue = [0, 0, 0, 0, 0, 0, 0, 0, 0, 0, 0, 0, 0, 0\n0, 0, 0, 0, 0, 0, 0, 0, 0, 0, 0, 0, 0, 0\n0, 0, 0, 0, 0, 0, 1, 0, 2, 4, 5, 10, 3, 2\n1, 1, 0, 0, 0, 0, 0, 0]"] ;
48 -> 49 ;
50 [label="gini = 0.444\nsamples = 3\nvalue = [0, 0, 0, 0, 0, 0, 0, 0, 0, 0, 0, 0, 0, 0\n0, 0, 0, 0, 0, 0, 0, 0, 0, 0, 0, 0, 0, 0\n0, 0, 0, 0, 0, 0, 1, 0, 2, 0, 0, 0, 0, 0\n0, 0, 0, 0, 0, 0, 0, 0]"] ;
49 -> 50 ;
51 [label="G1 <= 12.5\ngini = 0.769\nsamples = 26\nvalue = [0, 0, 0, 0, 0, 0, 0, 0, 0, 0, 0, 0, 0, 0\n0, 0, 0, 0, 0, 0, 0, 0, 0, 0, 0, 0, 0, 0\n0, 0, 0, 0, 0, 0, 0, 0, 0, 4, 5, 10, 3, 2\n1, 1, 0, 0, 0, 0, 0, 0]"] ;
49 -> 51 ;
52 [label="gini = 0.663\nsamples = 14\nvalue = [0, 0, 0, 0, 0, 0, 0, 0, 0, 0, 0, 0, 0, 0\n0, 0, 0, 0, 0, 0, 0, 0, 0, 0, 0, 0, 0, 0\n0, 0, 0, 0, 0, 0, 0, 0, 0, 4, 5, 5, 0, 0\n0, 0, 0, 0, 0, 0, 0, 0]"] ;
51 -> 52 ;
53 [label="gini = 0.722\nsamples = 12\nvalue = [0, 0, 0, 0, 0, 0, 0, 0, 0, 0, 0, 0, 0, 0\n0, 0, 0, 0, 0, 0, 0, 0, 0, 0, 0, 0, 0, 0\n0, 0, 0, 0, 0, 0, 0, 0, 0, 0, 0, 5, 3, 2\n1, 1, 0, 0, 0, 0, 0, 0]"] ;
51 -> 53 ;
54 [label="gini = 0.875\nsamples = 16\nvalue = [0, 0, 0, 0, 0, 0, 0, 0, 0, 0, 0, 0, 0, 0\n0, 0, 0, 0, 0, 0, 0, 0, 0, 0, 0, 0, 0, 0\n0, 0, 0, 0, 0, 0, 0, 0, 0, 0, 0, 0, 0, 1\n2, 3, 2, 2, 2, 1, 2, 1]"] ;
48 -> 54 ;
}
